2723
172 47
117 192
323 251
195 359
9 211
277 242
292 87
70 472
88 396
314 193
486 39
87 174
88 337
165 25
333 72
265 404
115 464
243 197
510 335
431 448
338 99
472 177
243 285
147 147
398 423
288 449
265 185
127 32
31 202
244 151
163 510
459 370
183 28
290 128
128 420
53 389
38 488
244 273
335 388
105 42
442 31
376 257
321 487
425 57
291 358
119 267
430 82
91 384
398 99
53 396
121 426
84 203
324 262
452 47
127 500
131 460
356 180
488 334
143 148
227 442
279 207
397 373
341 48
305 69
169 163
448 95
197 94
256 369
178 292
418 304
349 387
98 42
461 368
487 405
201 383
0 394
370 43
442 383
23 187
130 377
98 62
419 222
123 451
82 430
227 148
209 50
411 270
41 58
193 36
266 86
43 360
11 258
307 80
32 182
128 294
275 174
42 371
184 444
488 77
286 280
125 258
3 94
226 363
269 368
296 328
19 95
328 410
450 248
180 323
492 317
270 352
260 451
237 139
508 86
461 377
109 331
184 16
152 413
149 110
25 464
444 377
374 117
445 83
161 360
416 228
507 251
121 326
469 287
13 327
184 152
79 41
274 40
438 207
267 166
111 349
505 129
223 374
300 216
381 24
67 466
495 259
234 204
486 291
214 510
189 197
215 43
32 11
104 212
138 182
491 421
125 156
111 488
258 27
467 217
151 309
307 174
148 437
29 67
35 295
393 73
297 407
387 302
218 434
364 259
287 265
394 27
429 199
423 61
341 353
44 290
418 88
33 133
232 255
36 256
459 290
197 382
437 254
80 446
136 189
129 209
368 291
376 347
168 372
292 176
25 323
359 508
291 114
286 29
241 289
146 273
221 340
509 2
69 357
396 44
373 253
322 111
91 341
423 39
459 150
414 145
198 455
274 348
43 83
433 297
93 174
405 201
345 498
480 475
329 28
491 209
105 442
384 470
63 16
106 164
94 24
116 191
195 307
136 440
347 93
379 238
87 160
147 72
455 87
13 314
81 120
372 439
320 203
220 420
281 288
426 270
470 284
276 466
324 22
227 378
83 135
456 61
141 5
256 136
207 463
437 139
4 423
348 429
282 74
308 494
433 219
307 227
361 274
373 290
51 158
437 314
427 311
508 508
274 429
343 449
326 490
53 304
94 59
336 154
124 163
58 433
106 201
300 269
377 326
38 167
136 13
504 391
208 504
22 504
335 473
264 227
262 209
455 468
473 450
60 400
56 370
237 151
280 4
100 492
305 343
30 54
153 276
353 357
185 407
411 29
417 371
309 119
435 342
502 7
105 497
137 182
384 339
376 420
209 148
373 496
259 126
298 65
20 292
324 464
112 431
138 237
360 478
347 43
63 415
404 454
265 444
91 111
419 339
332 274
369 330
226 225
427 131
396 228
314 385
369 128
295 24
186 292
355 325
134 3
226 377
168 444
417 284
324 26
224 248
365 435
201 437
197 417
135 125
94 72
246 340
135 195
213 475
108 323
102 340
327 83
223 256
133 347
107 414
457 467
7 149
485 476
392 171
46 0
360 179
38 89
74 499
226 123
343 96
339 282
206 32
115 454
353 428
315 313
178 173
233 132
441 93
347 401
419 194
404 429
185 463
375 164
361 190
4 497
498 205
414 365
343 226
419 73
218 439
26 374
22 460
207 354
90 51
486 302
208 61
444 303
506 104
128 394
459 397
327 94
6 173
245 414
15 169
166 309
427 82
391 220
321 169
322 114
348 334
229 219
246 100
415 221
178 508
174 93
114 161
268 224
233 336
66 456
499 125
138 112
218 155
184 120
321 448
197 344
290 463
3 188
238 165
171 211
344 70
148 390
284 115
390 322
92 476
102 357
379 197
109 329
100 182
333 405
507 159
81 35
237 243
250 392
254 281
21 429
229 470
400 153
494 119
165 383
385 389
198 396
346 74
507 438
78 318
72 199
301 133
47 187
170 451
138 242
313 475
345 387
125 206
338 197
186 388
17 197
447 350
152 131
325 424
164 58
177 439
152 161
402 353
462 241
135 437
235 46
496 500
127 417
337 157
12 118
302 374
288 290
115 87
124 409
174 498
363 52
489 110
64 332
374 73
146 260
263 131
48 76
293 116
493 48
109 466
179 49
71 346
433 494
285 3
74 84
490 321
375 20
208 42
498 28
410 343
180 304
450 102
265 258
372 364
233 345
380 373
100 90
68 105
10 12
104 225
421 167
416 378
289 410
99 217
306 344
210 276
222 156
72 274
409 408
39 234
123 284
152 146
195 172
211 301
310 0
138 195
390 219
355 441
454 403
162 50
242 358
20 171
118 128
484 365
105 194
225 140
271 118
33 151
396 389
38 257
266 6
381 262
102 422
331 370
341 382
370 178
307 258
332 157
9 115
456 389
116 181
235 193
299 79
62 332
47 76
149 120
274 345
13 222
92 236
105 213
6 100
48 40
410 158
389 143
447 485
37 59
113 95
352 496
208 288
62 394
396 93
320 413
346 487
150 403
389 292
83 127
484 261
348 460
154 241
83 396
486 135
180 80
413 0
215 207
330 252
131 61
323 144
368 457
84 116
229 255
312 318
440 48
145 373
441 9
492 190
79 230
206 417
388 400
228 327
318 279
347 366
7 509
278 354
158 246
80 155
47 495
114 11
471 334
487 286
90 290
54 337
163 71
365 315
112 421
68 437
13 101
275 363
264 352
209 197
380 100
385 253
157 389
464 230
504 424
150 30
255 19
260 148
362 74
123 451
214 316
229 250
93 169
40 188
209 179
296 59
490 478
29 225
94 238
165 382
216 272
355 167
157 508
65 279
200 384
87 293
367 447
410 217
345 134
216 503
463 101
297 401
464 368
43 110
453 374
403 239
278 365
395 11
417 391
119 282
48 199
239 182
96 356
338 87
405 510
2 264
266 261
294 422
100 449
117 59
164 389
261 38
163 88
433 207
340 370
265 503
132 433
24 94
386 339
387 77
267 397
484 81
154 454
175 98
21 404
170 378
441 145
101 473
244 469
183 100
196 111
226 267
482 97
238 403
368 11
481 25
97 351
301 262
89 344
493 38
51 16
407 218
259 346
430 122
413 258
133 377
455 271
334 419
180 359
374 263
179 358
249 435
413 183
113 395
451 205
378 311
88 507
252 504
324 117
371 470
185 349
102 395
206 82
473 236
3 165
391 285
78 267
457 11
272 60
123 103
191 187
129 402
181 284
448 341
216 73
392 466
395 476
373 435
337 439
15 131
106 472
213 284
314 213
78 367
321 332
267 281
359 267
346 237
418 385
510 144
257 16
33 33
172 486
296 328
205 106
83 242
416 407
324 415
150 64
229 287
79 83
271 307
505 396
173 10
500 105
336 70
21 222
195 336
320 129
306 352
363 507
466 338
185 406
271 399
28 327
283 216
313 314
216 460
269 402
78 462
276 71
183 300
235 245
91 44
271 509
87 459
77 510
413 95
110 210
132 28
193 49
433 343
57 208
41 474
240 194
431 273
20 166
320 134
236 150
79 74
162 168
166 502
149 290
373 160
426 383
300 99
297 249
359 411
251 304
383 138
324 273
259 101
94 471
285 102
123 158
203 450
477 316
135 179
244 73
471 448
496 401
168 243
21 94
410 143
240 273
266 145
131 487
73 285
195 455
464 226
132 445
346 100
134 32
81 119
374 245
293 119
283 51
78 443
86 95
8 312
285 156
479 418
186 383
382 465
476 111
144 456
59 247
492 7
396 288
212 235
75 221
40 0
212 109
92 205
165 431
61 103
434 68
494 460
185 375
485 496
132 105
36 336
466 165
222 373
494 291
432 128
49 185
265 50
225 176
497 12
198 124
499 420
99 358
36 286
114 147
422 428
35 270
29 435
60 504
337 323
285 155
131 33
245 435
374 411
228 56
277 167
234 330
29 241
413 445
58 280
114 272
448 356
482 123
13 257
251 258
322 147
500 250
460 158
39 469
77 433
282 371
140 241
448 257
420 266
362 288
510 284
186 194
220 65
205 339
47 81
420 199
309 198
137 15
274 157
181 444
42 466
130 285
401 35
376 275
400 23
140 355
365 184
194 276
131 81
428 38
42 458
37 362
40 367
283 132
435 406
165 291
30 263
472 88
239 399
394 147
333 487
312 485
487 402
455 60
24 160
364 295
372 104
382 367
116 484
490 16
436 218
488 208
302 224
94 340
279 143
172 83
119 55
354 411
301 482
337 215
411 77
432 471
350 389
377 231
225 369
482 284
244 65
68 213
456 252
370 417
374 483
48 99
473 69
449 99
71 1
129 199
153 100
77 108
178 411
96 43
275 354
301 100
336 112
234 377
427 451
8 211
430 64
372 404
96 482
363 389
341 280
2 509
509 455
108 203
243 284
374 351
65 464
370 210
398 21
111 367
197 289
106 130
27 232
375 147
399 327
492 285
419 225
304 433
336 184
319 472
442 389
307 250
61 106
467 273
45 480
62 22
225 102
137 261
332 61
170 247
400 315
273 196
316 153
142 365
317 181
81 29
198 28
202 133
484 484
340 439
498 178
86 181
266 43
443 414
315 142
499 432
120 381
56 449
360 391
453 143
119 489
308 288
87 462
418 29
51 473
437 260
192 379
154 468
389 378
344 273
452 312
160 241
337 72
73 228
415 350
329 364
176 227
416 270
61 343
416 312
412 171
97 178
302 108
328 421
120 2
273 143
195 341
496 242
93 357
120 150
210 7
311 177
26 248
132 109
89 26
188 243
111 83
78 146
121 96
347 292
358 404
383 492
387 146
205 51
49 31
481 146
268 111
475 231
354 327
94 301
208 65
88 272
301 383
219 165
434 408
432 204
4 496
435 174
40 398
241 394
411 334
358 397
4 214
271 29
462 170
153 203
479 219
22 110
299 468
183 253
130 153
125 120
128 351
184 110
198 466
86 190
255 46
251 89
205 140
318 293
467 159
375 412
315 504
339 296
360 377
89 495
285 284
52 298
138 212
273 128
167 38
482 193
48 214
45 122
177 22
231 510
348 321
341 322
32 434
326 102
419 501
484 151
499 122
82 102
89 238
79 113
155 341
1 265
115 337
395 64
247 323
505 189
54 292
468 126
19 495
197 212
125 190
196 169
208 144
185 133
96 278
131 392
318 348
169 330
102 92
95 108
395 418
91 305
71 423
358 375
58 5
73 344
140 232
225 315
206 493
15 4
406 180
66 327
365 328
261 39
335 335
297 473
150 473
217 403
318 285
265 395
381 99
26 359
255 210
72 255
129 355
114 241
174 311
10 202
280 511
351 43
475 141
462 55
5 407
42 103
49 357
358 75
373 440
427 152
337 21
478 146
63 345
29 293
433 168
497 362
223 103
267 312
501 447
142 288
193 121
373 321
36 250
25 460
72 50
12 408
147 195
394 7
436 92
14 456
46 227
35 209
151 61
117 181
12 429
7 506
431 110
167 350
147 234
365 434
65 427
82 462
507 89
101 376
184 72
178 34
474 11
108 139
360 420
382 177
460 465
223 458
304 74
139 93
34 202
460 241
295 368
10 258
377 495
75 430
51 500
425 506
91 131
272 319
320 269
294 260
3 403
81 144
382 327
152 267
150 60
219 130
392 72
217 294
52 225
344 319
405 4
415 243
203 165
263 150
124 298
187 223
310 457
371 435
82 279
83 281
313 197
345 301
367 88
435 315
428 154
120 117
427 121
416 286
142 327
96 189
1 502
431 380
365 118
171 474
15 324
202 85
167 106
491 94
470 256
81 186
12 219
299 438
381 431
278 287
372 34
482 298
324 378
318 292
339 172
209 240
367 198
262 432
393 28
77 184
393 469
322 9
110 504
164 284
500 64
458 380
141 235
2 421
455 87
222 465
3 111
482 336
243 82
306 445
490 466
28 291
309 282
369 359
42 302
197 28
127 171
83 62
330 202
137 219
227 331
352 166
31 243
406 382
347 313
21 225
317 492
297 371
363 355
169 250
151 253
232 308
279 122
328 41
237 316
303 143
36 449
94 485
298 254
0 467
390 221
67 287
285 16
451 282
509 262
233 485
267 337
311 381
299 323
20 475
511 119
476 270
270 80
483 447
373 230
43 155
358 215
404 507
23 290
288 321
278 277
441 68
301 488
423 280
342 273
436 474
136 261
225 342
250 82
266 62
29 139
158 327
58 478
42 469
327 153
492 310
118 339
25 173
377 490
131 372
468 497
339 249
37 161
444 364
217 7
444 165
84 506
354 272
173 488
167 33
353 321
201 87
324 280
6 353
370 255
60 216
61 500
187 503
121 458
285 239
504 28
152 387
466 149
262 84
277 119
283 410
473 448
366 387
309 293
7 376
336 459
139 492
386 310
5 273
250 381
78 389
334 81
233 110
108 30
354 259
128 349
300 172
236 383
115 445
254 0
273 413
91 418
498 499
228 187
21 63
222 504
101 145
38 207
385 143
489 214
237 17
236 437
406 461
114 175
194 267
393 498
296 438
435 47
260 394
497 254
134 374
428 328
392 200
492 229
18 2
197 221
505 229
100 362
157 155
145 442
395 305
328 344
3 112
11 313
434 143
441 131
374 484
444 423
510 469
157 437
67 56
203 375
79 301
90 79
225 11
503 133
414 186
68 315
32 293
171 125
316 45
285 250
155 231
283 29
126 72
75 97
206 38
267 458
246 345
32 178
40 198
286 150
123 75
291 468
452 63
260 177
372 157
191 317
91 111
211 360
90 26
73 434
223 350
273 199
312 499
291 201
220 303
48 375
455 117
67 123
199 318
456 293
5 97
55 476
430 38
49 264
122 193
322 62
16 189
194 267
415 394
20 100
270 120
52 455
157 389
270 114
238 463
307 32
407 249
347 262
201 120
65 75
343 508
198 296
188 36
396 419
62 453
318 442
76 18
384 1
212 205
90 112
107 149
78 269
488 67
361 401
261 26
191 411
491 237
425 13
301 432
56 58
17 214
351 473
220 205
391 282
273 196
43 431
222 125
348 505
328 186
283 6
391 181
375 504
26 123
203 293
93 433
20 477
375 440
445 439
220 151
185 137
128 102
403 455
50 38
451 252
414 37
440 382
489 133
59 464
474 445
287 454
345 203
145 31
159 84
90 39
245 178
74 294
68 379
39 127
207 13
163 486
379 395
359 331
496 310
420 82
203 179
162 442
80 28
393 357
8 145
240 236
220 153
350 123
101 187
379 478
505 59
186 274
12 385
283 10
451 445
272 283
124 262
0 7
153 67
315 248
372 511
420 428
213 113
246 511
200 111
166 426
481 164
68 91
269 141
425 328
134 350
140 98
387 232
16 261
40 439
413 181
278 357
23 251
378 420
235 187
34 454
390 344
76 17
95 48
293 0
458 113
364 4
95 444
127 10
285 353
361 240
13 275
41 204
428 51
107 144
504 510
242 421
14 164
114 132
498 303
384 305
421 254
459 300
69 360
494 272
272 266
5 407
431 67
166 496
274 94
464 287
426 47
277 481
55 330
108 31
83 66
147 159
370 275
295 423
61 97
428 244
236 438
222 122
487 190
204 400
80 510
134 452
301 468
506 158
76 379
181 417
90 402
134 120
130 154
238 281
13 447
219 62
57 293
429 405
107 504
325 505
305 25
268 52
326 431
253 73
394 72
474 144
351 350
254 229
294 176
188 6
496 454
119 1
367 191
193 125
277 302
256 214
164 154
148 340
231 34
241 366
61 414
155 228
73 328
52 84
407 318
48 487
443 299
426 141
504 367
505 265
155 90
485 34
326 425
493 37
6 314
85 3
75 234
267 413
78 211
282 363
255 80
163 52
401 80
394 505
188 457
99 409
127 154
51 335
283 132
358 213
103 241
437 279
492 486
363 107
22 348
494 43
6 397
205 145
424 125
478 452
274 240
130 27
392 235
207 51
215 431
319 158
13 348
430 398
242 174
173 97
260 372
138 372
63 274
484 200
119 314
201 238
397 12
157 78
360 77
137 430
188 76
229 157
109 75
492 489
369 408
315 456
143 438
160 492
254 208
498 371
108 114
369 11
271 281
277 150
465 476
250 347
108 456
347 476
231 107
103 99
414 244
425 246
393 374
308 299
337 434
400 64
282 135
438 338
442 331
313 186
460 269
456 232
274 145
170 300
226 203
343 326
206 46
54 178
43 65
462 357
262 121
175 172
265 3
393 123
244 507
34 478
1 294
206 464
350 434
141 342
46 483
343 293
349 237
234 346
82 470
6 74
427 1
457 474
176 335
401 275
254 147
321 411
499 228
419 265
233 13
437 326
472 266
121 299
101 389
168 244
271 14
469 0
291 97
398 262
88 502
3 324
101 488
351 411
114 489
67 290
425 269
383 113
401 362
168 493
458 294
42 323
283 444
143 242
418 484
234 103
178 44
340 52
409 203
172 81
511 133
83 199
255 324
95 349
106 242
91 160
491 425
210 413
397 498
364 137
54 392
25 161
17 497
431 16
49 62
327 350
510 464
86 507
165 265
430 140
88 381
373 406
184 78
45 289
190 4
325 125
76 169
396 256
197 150
233 353
177 115
321 394
198 122
16 199
411 294
107 84
425 210
115 490
454 422
162 113
202 255
359 296
40 411
94 507
164 98
59 89
411 184
127 442
287 304
491 126
387 320
37 503
167 12
340 459
332 120
370 475
431 313
149 364
12 495
145 423
415 111
157 439
449 293
0 279
397 136
468 53
210 336
269 392
390 411
165 419
40 154
350 460
441 301
336 314
151 254
242 234
456 503
502 464
245 381
18 458
399 486
381 344
484 239
320 387
474 404
495 175
446 353
24 210
296 137
328 199
476 495
297 275
214 323
503 462
127 119
322 215
235 24
84 163
378 430
32 290
42 348
37 228
338 55
362 35
487 355
65 349
148 229
355 302
354 91
62 62
497 251
78 362
158 347
51 4
196 390
233 297
259 167
492 100
411 141
300 256
330 221
334 128
256 96
372 267
29 389
69 185
286 274
106 16
375 337
203 9
393 218
76 192
231 412
246 333
343 442
121 432
411 363
153 468
111 76
24 261
34 76
187 43
463 315
277 484
497 510
364 12
368 98
133 276
124 159
354 279
19 85
303 506
262 68
201 24
431 416
458 218
475 272
226 150
125 28
284 113
462 357
89 133
66 419
203 435
77 483
184 479
478 261
29 91
505 437
449 317
488 154
284 487
423 97
105 175
109 416
377 260
438 384
267 179
99 452
282 15
497 220
362 400
372 70
248 95
2 508
273 242
321 160
225 422
68 350
260 507
335 127
277 377
371 102
266 272
2 302
189 174
110 288
231 407
189 385
292 345
264 47
347 0
163 26
190 367
436 490
150 159
129 349
259 259
354 116
164 426
366 20
233 133
216 511
83 182
229 259
339 151
48 350
158 217
391 426
140 4
240 411
204 111
202 252
427 181
238 138
243 43
262 199
0 51
162 352
23 448
199 414
274 288
2 166
268 64
382 252
72 259
397 382
474 131
230 454
134 404
314 2
469 175
511 180
58 110
82 254
80 313
171 289
490 69
221 79
89 493
501 280
356 188
377 320
445 77
12 198
113 49
131 416
115 177
227 397
75 17
68 471
303 330
422 116
245 358
432 36
477 281
35 455
448 320
8 451
262 101
508 391
435 461
82 376
17 259
126 264
47 43
189 259
300 75
501 305
50 138
171 207
475 102
62 483
338 253
318 373
419 341
412 443
225 89
458 1
506 405
409 138
120 425
13 179
322 210
212 135
296 312
341 37
430 211
474 183
390 0
392 508
213 379
239 165
451 174
232 425
348 63
57 503
100 39
193 435
189 365
197 442
347 351
424 73
181 376
7 355
431 197
169 284
246 378
341 267
3 274
419 46
361 145
111 155
54 111
201 403
199 71
357 427
510 428
110 174
162 161
74 375
325 476
302 416
211 423
414 223
367 175
385 416
382 104
369 191
119 301
183 110
374 320
357 469
150 411
5 365
35 365
291 124
104 195
156 91
251 137
299 131
107 395
435 470
106 234
132 157
316 428
2 478
69 47
204 145
79 184
41 408
213 104
3 188
302 368
159 454
511 307
97 175
267 359
318 136
190 131
439 107
310 231
169 310
281 365
390 71
232 447
349 254
453 38
451 263
370 427
407 216
498 285
307 401
184 299
417 304
206 362
426 208
239 501
129 362
53 448
243 383
56 143
336 200
361 148
189 191
310 427
409 128
123 305
423 386
198 387
286 269
276 372
331 267
133 368
144 461
190 392
27 390
364 246
42 132
488 233
399 444
384 167
37 6
243 93
314 367
409 76
64 446
436 50
177 412
506 455
449 108
240 50
391 488
282 168
317 176
494 150
270 319
479 341
52 391
36 464
198 234
404 38
388 144
226 111
184 251
367 270
495 231
127 15
472 142
394 246
260 84
105 232
52 203
252 309
477 323
244 300
218 380
219 258
188 66
509 23
237 28
249 309
402 367
443 65
68 36
337 24
217 363
332 290
341 312
498 63
457 292
363 425
262 401
287 506
114 239
492 6
178 272
286 284
127 459
160 358
473 38
285 258
83 332
402 64
425 150
17 170
4 132
402 197
14 10
306 477
211 290
3 8
474 82
68 135
362 349
35 207
46 173
451 58
131 198
66 485
152 183
443 163
259 71
411 498
322 510
368 71
10 109
191 379
112 377
5 500
296 470
436 427
449 390
284 389
232 74
135 285
356 338
47 444
319 123
450 297
29 96
49 188
308 25
36 147
352 245
91 154
56 312
284 429
471 466
261 449
85 290
385 93
237 482
270 234
30 393
438 283
391 460
349 164
166 92
113 85
215 421
404 269
109 168
434 489
310 126
449 328
58 103
364 73
49 273
305 89
471 441
488 249
115 202
346 269
287 124
21 353
493 257
480 171
183 326
290 478
46 346
486 484
145 368
268 52
303 372
423 368
432 439
153 320
316 486
158 233
239 100
102 348
490 215
79 422
358 470
304 263
37 242
322 77
276 302
477 288
308 439
403 492
492 440
22 86
492 229
60 162
61 438
38 213
476 176
418 445
193 182
365 238
145 52
290 427
141 17
287 21
226 109
129 69
431 242
166 319
159 348
102 250
114 240
324 421
391 67
54 21
149 313
474 322
220 303
32 229
161 227
442 416
103 145
393 99
428 86
261 470
137 118
321 189
235 133
234 196
135 438
19 498
307 422
501 247
141 11
343 358
54 181
75 296
501 95
3 503
189 130
455 258
281 302
389 16
114 136
209 120
370 92
78 440
6 77
56 476
259 492
315 102
367 4
0 203
422 134
371 148
504 198
400 320
323 123
69 367
61 295
315 208
473 505
478 283
203 488
448 289
281 180
398 176
418 116
40 434
190 114
299 119
38 147
298 482
230 149
404 346
419 411
131 473
380 391
260 4
53 393
452 161
433 202
407 441
240 480
333 405
92 23
112 389
445 2
256 265
327 413
149 464
78 467
37 90
76 335
211 146
490 66
272 504
331 483
9 377
329 286
22 106
276 105
467 324
366 79
417 448
367 399
333 393
49 234
138 369
103 34
423 432
300 236
106 257
456 256
139 410
478 363
426 275
341 367
257 506
444 82
476 62
395 507
177 191
372 103
137 24
68 282
308 107
54 469
206 157
385 206
256 15
417 160
253 243
229 197
414 502
105 175
498 58
457 373
391 510
414 341
30 425
8 65
109 469
264 249
237 49
372 64
91 50
176 473
157 71
26 479
398 377
275 126
136 39
413 279
333 40
129 345
472 286
425 336
380 318
331 359
327 102
469 472
293 299
443 164
160 329
241 255
488 400
419 247
387 39
421 506
259 424
58 483
129 3
11 387
110 510
187 140
352 423
306 256
54 54
111 343
199 187
346 294
345 293
347 295
344 294
347 295
343 296
346 294
483 176
482 179
481 178
487 176
482 174
482 176
483 175
463 46
459 60
460 56
463 54
460 53
455 51
455 53
194 272
193 274
195 272
197 273
195 273
196 274
195 273
196 274
228 449
231 445
227 447
226 446
228 447
226 450
226 449
226 449
220 74
223 72
221 75
224 71
222 70
222 73
224 71
222 72
201 187
201 187
202 187
200 186
200 188
201 186
201 184
202 187
199 188
377 472
375 475
371 471
373 477
375 472
372 473
373 469
374 467
373 472
231 32
237 30
236 33
238 31
239 32
234 28
235 29
238 33
239 30
115 350
111 351
109 351
112 350
111 354
111 353
111 352
114 350
109 351
108 354
281 187
282 187
282 187
281 186
282 186
282 186
282 186
283 186
282 186
283 185
428 297
430 296
427 296
427 299
432 299
430 294
428 296
431 299
428 299
427 298
